<svg xmlns="http://www.w3.org/2000/svg" viewBox="0 0 2785 4096" role="img" aria-label="Lumen Strategy">
 <g transform="translate(0.000000,4096.000000) scale(0.100000,-0.100000)">
  <g fill="#CBBB67">
<path d="M13590 40634 c-1386 -56 -2431 -234 -3585 -611 -941 -307 -1909 -755
-2765 -1281 -1223 -751 -2337 -1719 -3276 -2848 -1304 -1566 -2243 -3404
-2743 -5364 -217 -855 -318 -1548 -382 -2635 -17 -296 -23 -1178 -10 -1475 49
-1101 259 -2292 596 -3379 344 -1110 921 -2350 1538 -3306 326 -504 615 -894
1525 -2054 1281 -1633 1692 -2172 2059 -2702 1146 -1655 1752 -3063 2057
-4784 120 -676 171 -1197 226 -2310 31 -621 56 -897 86 -940 39 -55 6 -72
-172 -84 -149 -11 -198 -28 -264 -93 -48 -48 -82 -119 -105 -218 -36 -154 -14
-561 37 -697 17 -46 40 -77 110 -148 48 -49 88 -90 88 -91 0 0 -54 -49 -120
-109 l-120 -107 0 -408 0 -408 120 -107 c66 -58 120 -110 120 -113 0 -4 -35
-39 -78 -78 -131 -121 -170 -225 -179 -489 -10 -302 57 -555 163 -617 18 -10
68 -22 120 -28 240 -26 1481 -32 5679 -27 4147 5 4867 10 4965 37 54 14 113
84 139 163 34 104 44 224 38 447 -9 318 -44 435 -160 532 -34 28 -62 55 -62
59 0 3 36 38 79 75 127 110 120 84 124 522 4 456 3 464 -77 543 -31 30 -74 70
-96 88 l-40 32 35 27 c106 80 145 146 178 302 21 104 24 635 3 695 -18 52
-113 150 -176 183 -47 25 -59 27 -223 30 -157 3 -173 5 -167 20 78 192 91 304
120 1062 64 1651 227 2713 581 3793 525 1600 1226 2731 3355 5422 1127 1425
1686 2175 2026 2720 1537 2463 2250 5407 2023 8345 -220 2833 -1254 5413
-3068 7648 -610 752 -1484 1580 -2367 2243 -796 598 -1792 1164 -2750 1562
-1328 553 -2676 860 -4155 947 -180 10 -899 20 -1050 14z m1000 -3125 c1089
-55 2145 -244 3188 -570 2352 -736 4485 -2178 5973 -4039 1161 -1453 1968
-3145 2318 -4865 240 -1177 299 -2354 176 -3538 -202 -1939 -908 -3807 -2039
-5392 -292 -410 -720 -935 -1846 -2265 -1099 -1298 -1589 -1908 -2035 -2530
-1018 -1420 -1583 -2756 -1854 -4380 -84 -502 -152 -1228 -201 -2135 -6 -110
-14 -203 -18 -207 -12 -12 -211 -27 -507 -38 -385 -13 -993 -25 -3245 -60
-2338 -37 -3577 -60 -3945 -75 -71 -3 -204 -7 -295 -10 -208 -6 -366 -14 -451
-21 l-67 -6 -7 54 c-10 77 -25 131 -42 150 -8 9 -35 20 -59 24 -40 6 -45 9
-53 43 -17 67 -31 205 -51 531 -32 510 -67 888 -116 1250 -234 1752 -739 3088
-1739 4602 -514 778 -867 1228 -2189 2792 -1414 1673 -1705 2039 -2101 2646
-839 1282 -1416 2731 -1679 4211 -135 759 -183 1368 -173 2194 6 542 24 821
77 1265 116 954 413 2042 818 2990 670 1573 1719 3025 3025 4187 2485 2211
5786 3364 9137 3192z m4270 -30929 c107 -4 219 -14 248 -21 l52 -12 0 -289 c0
-158 -1 -288 -2 -289 -2 0 -257 -9 -568 -20 -334 -11 -914 -22 -1419 -26
l-854 -6 6 134 c8 212 53 313 216 482 l55 57 1036 -1 c569 0 1123 -4 1230 -9z
m297 -1297 c11 -37 10 -505 0 -567 l-9 -48 -1596 5 c-1628 5 -1788 9 -1840 43
-24 16 -24 19 -20 113 7 126 48 254 125 384 l57 97 1638 0 1638 0 7 -27z
m-2007 -1233 c272 -5 808 -14 1190 -20 382 -6 723 -13 758 -16 l62 -6 -2 -286
-3 -287 -135 -15 c-113 -12 -423 -14 -1930 -14 -1712 -1 -1983 3 -2007 28 -15
14 19 255 48 340 32 96 47 125 116 224 l44 62 682 0 c375 0 905 -5 1177 -10z"/>
<path d="M10820 2913 c-294 -4 -828 -23 -950 -34 -297 -27 -379 -68 -539 -268
-129 -162 -157 -262 -148 -530 3 -113 9 -162 27 -216 60 -190 193 -337 399
-440 40 -20 144 -63 230 -95 188 -69 346 -136 541 -225 737 -340 1447 -559
2253 -695 398 -67 511 -75 1102 -75 618 0 953 21 1432 90 699 101 1660 403
2303 725 115 58 293 130 513 210 386 139 607 414 607 755 0 279 -148 541 -400
707 -81 54 -88 57 -165 62 -44 3 -550 9 -1125 12 -575 4 -1439 10 -1920 14
-816 6 -3768 8 -4160 3z"/>
  </g>
  <g fill="#356699">
<path d="M13890 36008 c-47 -27 -110 -68 -140 -91 -189 -140 -421 -371 -466
-463 -26 -54 -29 -68 -28 -159 0 -91 4 -112 47 -241 55 -163 59 -215 22 -240
-40 -26 -86 -32 -391 -53 -159 -12 -313 -23 -341 -26 l-53 -6 0 -845 0 -844
173 0 c194 0 333 -17 394 -49 87 -44 80 -117 -44 -425 -41 -105 -82 -225 -91
-269 -15 -77 -15 -80 17 -261 18 -100 31 -193 29 -207 -3 -22 -9 -25 -68 -31
-97 -11 -143 -32 -198 -92 -60 -66 -109 -165 -158 -321 -20 -66 -40 -124 -44
-128 -4 -4 -92 -12 -196 -17 -733 -37 -856 -53 -978 -124 -139 -81 -209 -355
-162 -626 60 -338 172 -731 506 -1780 395 -1240 460 -1459 463 -1558 2 -56 0
-60 -88 -197 -49 -77 -100 -168 -112 -203 -54 -148 -17 -258 153 -458 95 -113
99 -128 97 -344 -1 -102 -5 -244 -8 -316 l-7 -131 -106 -32 c-252 -76 -354
-127 -474 -240 -94 -88 -103 -115 -83 -255 25 -177 45 -147 -188 -286 -112
-67 -251 -156 -308 -199 -167 -125 -278 -256 -279 -327 0 -11 14 -49 31 -83
62 -124 286 -314 493 -418 171 -86 383 -155 775 -253 253 -63 440 -119 502
-151 82 -41 84 -71 84 -1379 -1 -1090 -8 -1494 -40 -2160 -55 -1118 -156
-2064 -321 -2980 -105 -588 -238 -1209 -311 -1450 -100 -333 -179 -467 -518
-865 -88 -105 -164 -196 -168 -202 -5 -7 4 -302 18 -657 l27 -644 -106 -209
c-130 -257 -252 -464 -731 -1243 -624 -1015 -686 -1123 -755 -1326 -32 -92
-34 -108 -34 -224 0 -117 2 -131 32 -210 18 -46 61 -137 97 -201 73 -130 95
-186 95 -236 0 -48 -12 -66 -105 -164 -127 -132 -162 -200 -185 -357 -7 -42
-16 -300 -20 -572 -5 -272 -13 -512 -18 -532 -10 -37 -9 -38 23 -44 19 -3 40
-13 48 -22 18 -20 37 -85 37 -125 l0 -27 108 6 c110 7 387 -10 406 -25 6 -4
99 -4 206 0 481 19 1576 40 4050 79 2725 43 3306 55 3590 76 l85 6 -3 130 c-2
72 4 261 12 422 24 453 29 626 22 690 -7 56 -12 63 -80 135 -70 73 -236 276
-236 288 0 3 35 76 79 162 144 285 189 434 178 581 -6 74 -37 183 -72 251 -35
67 -302 511 -600 994 -487 791 -773 1272 -858 1442 -55 108 -90 206 -108 298
-19 96 -17 417 5 670 10 110 18 272 19 360 2 155 1 161 -24 210 -37 68 -158
240 -295 417 -125 162 -206 281 -252 373 -100 201 -193 560 -346 1340 -258
1312 -374 2469 -426 4230 -17 592 -32 1792 -27 2170 5 396 12 463 59 532 39
56 53 61 298 99 435 67 917 237 1190 419 112 74 222 185 256 259 86 184 -46
360 -452 601 -164 98 -219 136 -236 168 -6 12 -15 83 -19 157 -4 75 -13 155
-20 178 -35 117 -285 259 -568 322 l-103 24 5 315 c3 208 9 331 17 359 8 27
36 69 82 120 191 213 205 415 46 665 -31 48 -68 111 -84 141 l-28 53 38 139
c46 166 234 779 416 1354 474 1498 542 1756 544 2075 1 189 -12 242 -78 313
-96 104 -225 140 -761 212 -165 22 -328 46 -363 52 -73 13 -73 14 -135 173
-50 132 -100 225 -139 264 -19 18 -66 50 -104 70 -68 36 -69 36 -68 76 1 22
11 90 23 150 43 227 27 338 -83 604 -74 176 -91 241 -75 288 19 60 49 68 383
108 71 8 148 20 171 26 39 10 44 14 49 47 4 21 9 393 12 829 l6 792 -23 5
c-13 3 -107 10 -209 16 -198 12 -402 34 -463 51 -55 15 -72 47 -71 138 2 94
14 154 71 356 l46 159 -30 26 c-16 14 -74 65 -128 113 -54 49 -146 126 -204
171 -135 106 -426 306 -443 305 -7 0 -51 -23 -98 -51z"/>
<path d="M9740 7396 c0 -15 10 -16 93 -10 110 8 125 14 35 14 -36 0 -80 3 -97
6 -25 5 -31 3 -31 -10z"/>
  </g>
 </g>
</svg>
